455 13
15.023400 0.000000 18.100000 0.000000 0.614000 5.304000 97.300003 2.100700 24.000000 666.000000 20.200001 349.480011 24.910000 
5.441140 0.000000 18.100000 0.000000 0.713000 6.655000 98.199997 2.355200 24.000000 666.000000 20.200001 355.290009 17.730000 
1.002450 0.000000 8.140000 0.000000 0.538000 6.674000 87.300003 4.239000 4.000000 307.000000 21.000000 380.230011 11.980000 
0.006320 18.000000 2.310000 0.000000 0.538000 6.575000 65.199997 4.090000 1.000000 296.000000 15.300000 396.899994 4.980000 
0.261690 0.000000 9.900000 0.000000 0.544000 6.023000 90.400002 2.834000 4.000000 304.000000 18.400000 396.299988 11.720000 
0.050830 0.000000 5.190000 0.000000 0.515000 6.316000 38.099998 6.458400 5.000000 224.000000 20.200001 389.709991 5.680000 
0.154450 25.000000 5.130000 0.000000 0.453000 6.145000 29.200001 7.814800 8.000000 284.000000 19.700001 390.679993 6.860000 
3.535010 0.000000 19.580000 1.000000 0.871000 6.152000 82.599998 1.745500 5.000000 403.000000 14.700000 88.010002 15.020000 
3.678220 0.000000 18.100000 0.000000 0.770000 5.362000 96.199997 2.103600 24.000000 666.000000 20.200001 380.790009 10.190000 
18.498199 0.000000 18.100000 0.000000 0.668000 4.138000 100.000000 1.137000 24.000000 666.000000 20.200001 396.899994 37.970001 
1.496320 0.000000 19.580000 0.000000 0.871000 5.404000 100.000000 1.591600 5.000000 403.000000 14.700000 341.600006 13.280000 
0.144550 12.500000 7.870000 0.000000 0.524000 6.172000 96.099998 5.950500 5.000000 311.000000 15.200000 396.899994 19.150000 
0.550070 20.000000 3.970000 0.000000 0.647000 7.206000 91.599998 1.930100 5.000000 264.000000 13.000000 387.890015 8.100000 
0.150860 0.000000 27.740000 0.000000 0.609000 5.454000 92.699997 1.820900 4.000000 711.000000 20.100000 395.089996 18.059999 
8.792120 0.000000 18.100000 0.000000 0.584000 5.565000 70.599998 2.063500 24.000000 666.000000 20.200001 3.650000 17.160000 
10.062300 0.000000 18.100000 0.000000 0.584000 6.833000 94.300003 2.088200 24.000000 666.000000 20.200001 81.330002 19.690001 
14.050700 0.000000 18.100000 0.000000 0.597000 6.657000 100.000000 1.527500 24.000000 666.000000 20.200001 35.049999 21.219999 
4.222390 0.000000 18.100000 1.000000 0.770000 5.803000 89.000000 1.904700 24.000000 666.000000 20.200001 353.040009 14.640000 
0.017780 95.000000 1.470000 0.000000 0.403000 7.135000 13.900000 7.653400 3.000000 402.000000 17.000000 384.299988 4.450000 
14.333700 0.000000 18.100000 0.000000 0.614000 6.229000 88.000000 1.951200 24.000000 666.000000 20.200001 383.320007 13.110000 
0.056440 40.000000 6.410000 1.000000 0.447000 6.758000 32.900002 4.077600 4.000000 254.000000 17.600000 396.899994 3.530000 
0.035840 80.000000 3.370000 0.000000 0.398000 6.290000 17.799999 6.611500 4.000000 337.000000 16.100000 396.899994 4.670000 
0.351140 0.000000 7.380000 0.000000 0.493000 6.041000 49.900002 4.721100 5.000000 287.000000 19.600000 396.899994 7.700000 
1.151720 0.000000 8.140000 0.000000 0.538000 5.701000 95.000000 3.787200 4.000000 307.000000 21.000000 358.769989 18.350000 
9.924850 0.000000 18.100000 0.000000 0.740000 6.251000 96.599998 2.198000 24.000000 666.000000 20.200001 388.519989 16.440001 
25.940599 0.000000 18.100000 0.000000 0.679000 5.304000 89.099998 1.647500 24.000000 666.000000 20.200001 127.360001 26.639999 
6.538760 0.000000 18.100000 1.000000 0.631000 7.016000 97.500000 1.202400 24.000000 666.000000 20.200001 392.049988 2.960000 
0.178990 0.000000 9.690000 0.000000 0.585000 5.670000 28.799999 2.798600 6.000000 391.000000 19.200001 393.290009 17.600000 
3.321050 0.000000 19.580000 1.000000 0.871000 5.403000 100.000000 1.321600 5.000000 403.000000 14.700000 396.899994 26.820000 
0.339830 22.000000 5.860000 0.000000 0.431000 6.108000 34.900002 8.055500 7.000000 330.000000 19.100000 390.179993 9.160000 
0.028750 28.000000 15.040000 0.000000 0.464000 6.211000 28.900000 3.665900 4.000000 270.000000 18.200001 396.329987 6.210000 
22.597099 0.000000 18.100000 0.000000 0.700000 5.000000 89.500000 1.518400 24.000000 666.000000 20.200001 396.899994 31.990000 
45.746101 0.000000 18.100000 0.000000 0.693000 4.519000 100.000000 1.658200 24.000000 666.000000 20.200001 88.269997 36.980000 
0.057890 12.500000 6.070000 0.000000 0.409000 5.878000 21.400000 6.498000 4.000000 345.000000 18.900000 396.209991 8.100000 
1.126580 0.000000 19.580000 1.000000 0.871000 5.012000 88.000000 1.610200 5.000000 403.000000 14.700000 343.279999 12.120000 
11.812300 0.000000 18.100000 0.000000 0.718000 6.824000 76.500000 1.794000 24.000000 666.000000 20.200001 48.450001 22.740000 
4.812130 0.000000 18.100000 0.000000 0.713000 6.701000 90.000000 2.597500 24.000000 666.000000 20.200001 255.229996 16.420000 
0.557780 0.000000 21.889999 0.000000 0.624000 6.335000 98.199997 2.110700 4.000000 437.000000 21.200001 394.670013 16.959999 
0.081870 0.000000 2.890000 0.000000 0.445000 7.820000 36.900002 3.495200 2.000000 276.000000 18.000000 393.529999 3.570000 
7.672020 0.000000 18.100000 0.000000 0.693000 5.747000 98.900002 1.633400 24.000000 666.000000 20.200001 393.100006 19.920000 
0.072440 60.000000 1.690000 0.000000 0.411000 5.884000 18.500000 10.710300 4.000000 411.000000 18.299999 392.329987 7.790000 
0.039610 0.000000 5.190000 0.000000 0.515000 6.037000 34.500000 5.985300 5.000000 224.000000 20.200001 396.899994 8.010000 
1.463360 0.000000 19.580000 0.000000 0.605000 7.489000 90.800003 1.970900 5.000000 403.000000 14.700000 374.429993 1.730000 
0.671800 0.000000 18.100000 0.000000 0.740000 6.459000 94.800003 1.987900 24.000000 666.000000 20.200001 43.060001 23.980000 
0.322640 0.000000 21.889999 0.000000 0.624000 5.942000 93.500000 1.966900 4.000000 437.000000 21.200001 378.250000 16.900000 
0.040110 80.000000 1.520000 0.000000 0.404000 7.287000 34.099998 7.309000 2.000000 329.000000 12.600000 396.899994 4.080000 
0.955770 0.000000 8.140000 0.000000 0.538000 6.047000 88.800003 4.453400 4.000000 307.000000 21.000000 306.380005 17.280001 
20.084900 0.000000 18.100000 0.000000 0.700000 4.368000 91.199997 1.439500 24.000000 666.000000 20.200001 285.829987 30.629999 
0.028990 40.000000 1.250000 0.000000 0.429000 6.939000 34.500000 8.792100 1.000000 335.000000 19.700001 389.850006 5.890000 
0.224380 0.000000 9.690000 0.000000 0.585000 6.027000 79.699997 2.498200 6.000000 391.000000 19.200001 396.899994 14.330000 
0.656650 20.000000 3.970000 0.000000 0.647000 6.842000 100.000000 2.010700 5.000000 264.000000 13.000000 391.929993 6.900000 
0.289550 0.000000 10.590000 0.000000 0.489000 5.412000 9.800000 3.587500 4.000000 277.000000 18.600000 348.929993 29.549999 
1.833770 0.000000 19.580000 1.000000 0.605000 7.802000 98.199997 2.040700 5.000000 403.000000 14.700000 389.609985 1.920000 
0.171200 0.000000 8.560000 0.000000 0.520000 5.836000 91.900002 2.211000 5.000000 384.000000 20.900000 395.670013 18.660000 
6.444050 0.000000 18.100000 0.000000 0.584000 6.425000 74.800003 2.200400 24.000000 666.000000 20.200001 97.949997 12.030000 
0.079500 60.000000 1.690000 0.000000 0.411000 6.579000 35.900002 10.710300 4.000000 411.000000 18.299999 370.779999 5.490000 
0.131170 0.000000 8.560000 0.000000 0.520000 6.127000 85.199997 2.122400 5.000000 384.000000 20.900000 387.690002 14.090000 
0.086640 45.000000 3.440000 0.000000 0.437000 7.178000 26.299999 6.479800 5.000000 398.000000 15.200000 390.489990 2.870000 
1.223580 0.000000 19.580000 0.000000 0.605000 6.943000 97.400002 1.877300 5.000000 403.000000 14.700000 363.429993 4.590000 
0.407710 0.000000 6.200000 1.000000 0.507000 6.164000 91.300003 3.048000 8.000000 307.000000 17.400000 395.239990 21.459999 
0.174460 0.000000 10.590000 1.000000 0.489000 5.960000 92.099998 3.877100 4.000000 277.000000 18.600000 393.250000 17.270000 
0.290900 0.000000 21.889999 0.000000 0.624000 6.174000 93.599998 1.611900 4.000000 437.000000 21.200001 388.079987 24.160000 
0.158760 0.000000 10.810000 0.000000 0.413000 5.961000 17.500000 5.287300 4.000000 305.000000 19.200001 376.940002 9.880000 
0.130580 0.000000 10.010000 0.000000 0.547000 5.872000 73.099998 2.477500 6.000000 432.000000 17.799999 338.630005 15.370000 
0.101530 0.000000 12.830000 0.000000 0.437000 6.279000 74.500000 4.052200 5.000000 398.000000 18.700001 373.660004 11.970000 
0.027290 0.000000 7.070000 0.000000 0.469000 7.185000 61.099998 4.967100 2.000000 242.000000 17.799999 392.829987 4.030000 
0.015010 80.000000 2.010000 0.000000 0.435000 6.635000 29.700001 8.344000 4.000000 280.000000 17.000000 390.940002 5.990000 
13.913400 0.000000 18.100000 0.000000 0.713000 6.208000 95.000000 2.222200 24.000000 666.000000 20.200001 100.629997 15.170000 
5.581070 0.000000 18.100000 0.000000 0.713000 6.436000 87.900002 2.315800 24.000000 666.000000 20.200001 100.190002 16.219999 
8.716750 0.000000 18.100000 0.000000 0.693000 6.471000 98.800003 1.725700 24.000000 666.000000 20.200001 391.980011 17.120001 
1.207420 0.000000 19.580000 0.000000 0.605000 5.875000 94.599998 2.425900 5.000000 403.000000 14.700000 292.290009 14.430000 
13.075100 0.000000 18.100000 0.000000 0.580000 5.713000 56.700001 2.823700 24.000000 666.000000 20.200001 396.899994 14.760000 
0.132620 0.000000 8.560000 0.000000 0.520000 5.851000 96.699997 2.106900 5.000000 384.000000 20.900000 394.049988 16.469999 
0.475470 0.000000 9.900000 0.000000 0.544000 6.113000 58.799999 4.001900 4.000000 304.000000 18.400000 396.230011 12.730000 
0.017090 90.000000 2.020000 0.000000 0.410000 6.728000 36.099998 12.126500 5.000000 187.000000 17.000000 384.459991 4.500000 
0.329820 0.000000 21.889999 0.000000 0.624000 5.822000 95.400002 2.469900 4.000000 437.000000 21.200001 388.690002 15.030000 
0.037680 80.000000 1.520000 0.000000 0.404000 7.274000 38.299999 7.309000 2.000000 329.000000 12.600000 392.200012 6.620000 
0.019650 80.000000 1.760000 0.000000 0.385000 6.230000 31.500000 9.089200 1.000000 241.000000 18.200001 341.600006 12.930000 
0.540500 20.000000 3.970000 0.000000 0.575000 7.470000 52.599998 2.872000 5.000000 264.000000 13.000000 390.299988 3.160000 
0.269380 0.000000 9.900000 0.000000 0.544000 6.266000 82.800003 3.262800 4.000000 304.000000 18.400000 393.390015 7.900000 
0.268380 0.000000 9.690000 0.000000 0.585000 5.794000 70.599998 2.892700 6.000000 391.000000 19.200001 396.899994 14.100000 
0.169020 0.000000 25.650000 0.000000 0.581000 5.986000 88.400002 1.992900 2.000000 188.000000 19.100000 385.019989 14.810000 
0.064170 0.000000 5.960000 0.000000 0.499000 5.933000 68.199997 3.360300 5.000000 279.000000 19.200001 396.899994 9.680000 
11.160400 0.000000 18.100000 0.000000 0.740000 6.629000 94.599998 2.124700 24.000000 666.000000 20.200001 109.849998 23.270000 
0.027630 75.000000 2.950000 0.000000 0.428000 6.595000 21.799999 5.401100 3.000000 252.000000 18.299999 395.630005 4.320000 
0.341090 0.000000 7.380000 0.000000 0.493000 6.415000 40.099998 4.721100 5.000000 287.000000 19.600000 396.899994 6.120000 
0.162110 20.000000 6.960000 0.000000 0.464000 6.240000 16.299999 4.429000 3.000000 223.000000 18.600000 396.899994 6.590000 
73.534103 0.000000 18.100000 0.000000 0.679000 5.957000 100.000000 1.802600 24.000000 666.000000 20.200001 16.450001 20.620001 
0.021870 60.000000 2.930000 0.000000 0.401000 6.800000 9.900000 6.219600 1.000000 265.000000 15.600000 393.369995 5.030000 
7.050420 0.000000 18.100000 0.000000 0.614000 6.103000 85.099998 2.021800 24.000000 666.000000 20.200001 2.520000 23.290001 
0.331470 0.000000 6.200000 0.000000 0.507000 8.247000 70.400002 3.651900 8.000000 307.000000 17.400000 378.950012 3.950000 
8.248090 0.000000 18.100000 0.000000 0.713000 7.393000 99.300003 2.452700 24.000000 666.000000 20.200001 375.869995 16.740000 
25.046101 0.000000 18.100000 0.000000 0.693000 5.987000 100.000000 1.588800 24.000000 666.000000 20.200001 396.899994 26.770000 
1.130810 0.000000 8.140000 0.000000 0.538000 5.713000 94.099998 4.233000 4.000000 307.000000 21.000000 360.170013 22.600000 
2.635480 0.000000 9.900000 0.000000 0.544000 4.973000 37.799999 2.519400 4.000000 304.000000 18.400000 350.450012 12.640000 
0.128160 12.500000 6.070000 0.000000 0.409000 5.885000 33.000000 6.498000 4.000000 345.000000 18.900000 396.899994 8.790000 
3.163600 0.000000 18.100000 0.000000 0.655000 5.759000 48.200001 3.066500 24.000000 666.000000 20.200001 334.399994 14.130000 
15.288000 0.000000 18.100000 0.000000 0.671000 6.649000 93.300003 1.344900 24.000000 666.000000 20.200001 363.019989 23.240000 
0.046840 0.000000 3.410000 0.000000 0.489000 6.417000 66.099998 3.092300 2.000000 270.000000 17.799999 392.179993 8.810000 
0.056460 0.000000 12.830000 0.000000 0.437000 6.232000 53.700001 5.014100 5.000000 398.000000 18.700001 386.399994 12.340000 
0.122690 0.000000 6.910000 0.000000 0.448000 6.069000 40.000000 5.720900 3.000000 233.000000 17.900000 389.390015 9.550000 
0.062110 40.000000 1.250000 0.000000 0.429000 6.490000 44.400002 8.792100 1.000000 335.000000 19.700001 396.899994 5.980000 
0.043370 21.000000 5.640000 0.000000 0.439000 6.115000 63.000000 6.814700 4.000000 243.000000 16.799999 393.970001 9.430000 
0.761620 20.000000 3.970000 0.000000 0.647000 5.560000 62.799999 1.986500 5.000000 264.000000 13.000000 392.399994 10.450000 
0.043790 80.000000 3.370000 0.000000 0.398000 5.787000 31.100000 6.611500 4.000000 337.000000 16.100000 396.899994 10.240000 
0.093780 12.500000 7.870000 0.000000 0.524000 5.889000 39.000000 5.450900 5.000000 311.000000 15.200000 390.500000 15.710000 
0.018700 85.000000 4.150000 0.000000 0.429000 6.516000 27.700001 8.535300 4.000000 351.000000 17.900000 392.429993 6.360000 
0.114320 0.000000 8.560000 0.000000 0.520000 6.781000 71.300003 2.856100 5.000000 384.000000 20.900000 395.579987 7.670000 
0.142310 0.000000 10.010000 0.000000 0.547000 6.254000 84.199997 2.256500 6.000000 432.000000 17.799999 388.739990 10.450000 
0.802710 0.000000 8.140000 0.000000 0.538000 5.456000 36.599998 3.796500 4.000000 307.000000 21.000000 288.989990 11.690000 
14.438300 0.000000 18.100000 0.000000 0.597000 6.852000 100.000000 1.465500 24.000000 666.000000 20.200001 179.360001 19.780001 
0.578340 20.000000 3.970000 0.000000 0.575000 8.297000 67.000000 2.421600 5.000000 264.000000 13.000000 384.540009 7.440000 
3.696950 0.000000 18.100000 0.000000 0.718000 4.963000 91.400002 1.752300 24.000000 666.000000 20.200001 316.029999 14.000000 
0.195390 0.000000 10.810000 0.000000 0.413000 6.245000 6.200000 5.287300 4.000000 305.000000 19.200001 377.170013 7.540000 
0.013010 35.000000 1.520000 0.000000 0.442000 7.241000 49.299999 7.037900 1.000000 284.000000 15.500000 394.739990 5.490000 
6.288070 0.000000 18.100000 0.000000 0.740000 6.341000 96.400002 2.072000 24.000000 666.000000 20.200001 318.010010 17.790001 
0.976170 0.000000 21.889999 0.000000 0.624000 5.757000 98.400002 2.346000 4.000000 437.000000 21.200001 262.760010 17.309999 
0.083870 0.000000 12.830000 0.000000 0.437000 5.874000 36.599998 4.502600 5.000000 398.000000 18.700001 396.059998 9.100000 
20.716200 0.000000 18.100000 0.000000 0.659000 4.138000 100.000000 1.178100 24.000000 666.000000 20.200001 370.220001 23.340000 
0.069110 45.000000 3.440000 0.000000 0.437000 6.739000 30.799999 6.479800 5.000000 398.000000 15.200000 389.709991 4.690000 
0.412380 0.000000 6.200000 0.000000 0.504000 7.163000 79.900002 3.215700 8.000000 307.000000 17.400000 372.079987 6.360000 
3.474280 0.000000 18.100000 1.000000 0.718000 8.780000 82.900002 1.904700 24.000000 666.000000 20.200001 354.549988 5.290000 
2.924000 0.000000 19.580000 0.000000 0.605000 6.101000 93.000000 2.283400 5.000000 403.000000 14.700000 240.160004 9.810000 
0.303470 0.000000 7.380000 0.000000 0.493000 6.312000 28.900000 5.415900 5.000000 287.000000 19.600000 396.899994 6.150000 
1.413850 0.000000 19.580000 1.000000 0.871000 6.129000 96.000000 1.749400 5.000000 403.000000 14.700000 321.019989 15.120000 
16.811800 0.000000 18.100000 0.000000 0.700000 5.277000 98.099998 1.426100 24.000000 666.000000 20.200001 396.899994 30.809999 
0.315330 0.000000 6.200000 0.000000 0.504000 8.266000 78.300003 2.894400 8.000000 307.000000 17.400000 385.049988 4.140000 
0.171710 25.000000 5.130000 0.000000 0.453000 5.966000 93.400002 6.818500 8.000000 284.000000 19.700001 378.079987 14.440000 
0.120830 0.000000 2.890000 0.000000 0.445000 8.069000 76.000000 3.495200 2.000000 276.000000 18.000000 396.899994 4.210000 
0.629760 0.000000 8.140000 0.000000 0.538000 5.949000 61.799999 4.707500 4.000000 307.000000 21.000000 396.899994 8.260000 
0.251990 0.000000 10.590000 0.000000 0.489000 5.783000 72.699997 4.354900 4.000000 277.000000 18.600000 389.429993 18.059999 
0.107930 0.000000 8.560000 0.000000 0.520000 6.195000 54.400002 2.777800 5.000000 384.000000 20.900000 393.489990 13.000000 
4.668830 0.000000 18.100000 0.000000 0.713000 5.976000 87.900002 2.580600 24.000000 666.000000 20.200001 10.480000 19.010000 
67.920799 0.000000 18.100000 0.000000 0.693000 5.683000 100.000000 1.425400 24.000000 666.000000 20.200001 384.970001 22.980000 
7.839320 0.000000 18.100000 0.000000 0.655000 6.209000 65.400002 2.963400 24.000000 666.000000 20.200001 396.899994 13.220000 
5.708180 0.000000 18.100000 0.000000 0.532000 6.750000 74.900002 3.331700 24.000000 666.000000 20.200001 393.070007 7.740000 
0.080140 0.000000 5.960000 0.000000 0.499000 5.850000 41.500000 3.934200 5.000000 279.000000 19.200001 396.899994 8.770000 
0.034270 0.000000 5.190000 0.000000 0.515000 5.869000 46.299999 5.231100 5.000000 224.000000 20.200001 396.899994 9.800000 
0.106120 30.000000 4.930000 0.000000 0.428000 6.095000 65.099998 6.336100 6.000000 300.000000 16.600000 394.619995 12.400000 
0.054250 0.000000 4.050000 0.000000 0.510000 6.315000 73.400002 3.317500 5.000000 296.000000 16.600000 395.600006 6.290000 
0.055150 33.000000 2.180000 0.000000 0.472000 7.236000 41.099998 4.022000 7.000000 222.000000 18.400000 393.679993 6.930000 
0.114250 0.000000 13.890000 1.000000 0.550000 6.373000 92.400002 3.363300 5.000000 276.000000 16.400000 393.739990 10.500000 
0.283920 0.000000 7.380000 0.000000 0.493000 5.708000 74.300003 4.721100 5.000000 287.000000 19.600000 391.130005 11.740000 
0.100080 0.000000 2.460000 0.000000 0.488000 6.563000 95.599998 2.847000 3.000000 193.000000 17.799999 396.899994 5.680000 
5.691750 0.000000 18.100000 0.000000 0.583000 6.114000 79.800003 3.545900 24.000000 666.000000 20.200001 392.679993 14.980000 
1.425020 0.000000 19.580000 0.000000 0.871000 6.510000 100.000000 1.765900 5.000000 403.000000 14.700000 364.309998 7.390000 
0.030410 0.000000 5.190000 0.000000 0.515000 5.895000 59.599998 5.615000 5.000000 224.000000 20.200001 394.809998 10.560000 
0.110690 0.000000 13.890000 1.000000 0.550000 5.951000 93.800003 2.889300 5.000000 276.000000 16.400000 396.899994 17.920000 
0.144760 0.000000 10.010000 0.000000 0.547000 5.731000 65.199997 2.759200 6.000000 432.000000 17.799999 391.500000 13.610000 
0.092660 34.000000 6.090000 0.000000 0.433000 6.495000 18.400000 5.491700 7.000000 329.000000 16.100000 383.609985 8.670000 
0.825260 20.000000 3.970000 0.000000 0.647000 7.327000 94.500000 2.078800 5.000000 264.000000 13.000000 393.420013 11.250000 
2.449530 0.000000 19.580000 0.000000 0.605000 6.402000 95.199997 2.262500 5.000000 403.000000 14.700000 330.040009 11.320000 
6.393120 0.000000 18.100000 0.000000 0.584000 6.162000 97.400002 2.206000 24.000000 666.000000 20.200001 302.760010 24.100000 
0.183370 0.000000 27.740000 0.000000 0.609000 5.414000 98.300003 1.755400 4.000000 711.000000 20.100000 344.049988 23.969999 
0.064660 70.000000 2.240000 0.000000 0.400000 6.345000 20.100000 7.827800 5.000000 358.000000 14.800000 368.239990 4.970000 
0.148660 0.000000 8.560000 0.000000 0.520000 6.727000 79.900002 2.777800 5.000000 384.000000 20.900000 394.760010 9.420000 
0.614700 0.000000 6.200000 0.000000 0.507000 6.618000 80.800003 3.272100 8.000000 307.000000 17.400000 396.899994 7.600000 
14.333700 0.000000 18.100000 0.000000 0.700000 4.880000 100.000000 1.589500 24.000000 666.000000 20.200001 372.920013 30.620001 
6.801170 0.000000 18.100000 0.000000 0.713000 6.081000 84.400002 2.717500 24.000000 666.000000 20.200001 396.899994 14.700000 
0.198020 0.000000 10.590000 0.000000 0.489000 6.182000 42.400002 3.945400 4.000000 277.000000 18.600000 393.630005 9.470000 
8.982960 0.000000 18.100000 1.000000 0.770000 6.212000 97.400002 2.122200 24.000000 666.000000 20.200001 377.730011 17.600000 
8.644760 0.000000 18.100000 0.000000 0.693000 6.193000 92.599998 1.791200 24.000000 666.000000 20.200001 396.899994 15.170000 
0.096040 40.000000 6.410000 0.000000 0.447000 6.854000 42.799999 4.267300 4.000000 254.000000 17.600000 396.899994 2.980000 
0.082440 30.000000 4.930000 0.000000 0.428000 6.481000 18.500000 6.189900 6.000000 300.000000 16.600000 379.410004 6.360000 
2.300400 0.000000 19.580000 0.000000 0.605000 6.319000 96.099998 2.100000 5.000000 403.000000 14.700000 297.089996 11.100000 
4.871410 0.000000 18.100000 0.000000 0.614000 6.484000 93.599998 2.305300 24.000000 666.000000 20.200001 396.209991 18.680000 
0.167600 0.000000 7.380000 0.000000 0.493000 6.426000 52.299999 4.540400 5.000000 287.000000 19.600000 396.899994 7.200000 
0.123290 0.000000 10.010000 0.000000 0.547000 5.913000 92.900002 2.353400 6.000000 432.000000 17.799999 394.950012 16.209999 
0.113290 30.000000 4.930000 0.000000 0.428000 6.897000 54.299999 6.336100 6.000000 300.000000 16.600000 391.250000 11.380000 
0.447910 0.000000 6.200000 1.000000 0.507000 6.726000 66.500000 3.651900 8.000000 307.000000 17.400000 360.200012 8.050000 
3.673670 0.000000 18.100000 0.000000 0.583000 6.312000 51.900002 3.991700 24.000000 666.000000 20.200001 388.619995 10.580000 
0.061270 40.000000 6.410000 1.000000 0.447000 6.826000 27.600000 4.862800 4.000000 254.000000 17.600000 393.450012 4.160000 
0.785700 20.000000 3.970000 0.000000 0.647000 7.014000 84.599998 2.132900 5.000000 264.000000 13.000000 384.070007 14.790000 
0.036590 25.000000 4.860000 0.000000 0.426000 6.302000 32.200001 5.400700 4.000000 281.000000 19.000000 396.899994 6.720000 
3.849700 0.000000 18.100000 1.000000 0.770000 6.395000 91.000000 2.505200 24.000000 666.000000 20.200001 391.339996 13.270000 
0.382140 0.000000 6.200000 0.000000 0.504000 8.040000 86.500000 3.215700 8.000000 307.000000 17.400000 387.380005 3.130000 
13.522200 0.000000 18.100000 0.000000 0.631000 3.863000 100.000000 1.510600 24.000000 666.000000 20.200001 131.419998 13.330000 
0.042030 28.000000 15.040000 0.000000 0.464000 6.442000 53.599998 3.665900 4.000000 270.000000 18.200001 395.010010 8.160000 
0.105740 0.000000 27.740000 0.000000 0.609000 5.983000 98.800003 1.868100 4.000000 711.000000 20.100000 390.109985 18.070000 
10.233000 0.000000 18.100000 0.000000 0.614000 6.185000 96.699997 2.170500 24.000000 666.000000 20.200001 379.700012 18.030001 
0.013600 75.000000 4.000000 0.000000 0.410000 5.888000 47.599998 7.319700 3.000000 469.000000 21.100000 396.899994 14.800000 
0.136420 0.000000 10.590000 0.000000 0.489000 5.891000 22.299999 3.945400 4.000000 277.000000 18.600000 396.899994 10.870000 
0.462960 0.000000 6.200000 0.000000 0.504000 7.412000 76.900002 3.671500 8.000000 307.000000 17.400000 376.140015 5.250000 
0.263630 0.000000 8.560000 0.000000 0.520000 6.229000 91.199997 2.545100 5.000000 384.000000 20.900000 391.230011 15.550000 
13.359800 0.000000 18.100000 0.000000 0.693000 5.887000 94.699997 1.782100 24.000000 666.000000 20.200001 396.899994 16.350000 
0.111320 0.000000 27.740000 0.000000 0.609000 5.983000 83.500000 2.109900 4.000000 711.000000 20.100000 396.899994 13.350000 
0.046660 80.000000 1.520000 0.000000 0.404000 7.107000 36.599998 7.309000 2.000000 329.000000 12.600000 354.309998 8.610000 
0.098490 0.000000 25.650000 0.000000 0.581000 5.879000 95.800003 2.006300 2.000000 188.000000 19.100000 379.380005 17.580000 
0.207460 0.000000 27.740000 0.000000 0.609000 5.093000 98.000000 1.822600 4.000000 711.000000 20.100000 318.429993 29.680000 
4.835670 0.000000 18.100000 0.000000 0.583000 5.905000 53.200001 3.152300 24.000000 666.000000 20.200001 388.220001 11.450000 
0.068600 0.000000 2.890000 0.000000 0.445000 7.416000 62.500000 3.495200 2.000000 276.000000 18.000000 396.899994 6.190000 
0.299160 20.000000 6.960000 0.000000 0.464000 5.856000 42.099998 4.429000 3.000000 223.000000 18.600000 388.649994 13.000000 
0.511830 0.000000 6.200000 0.000000 0.507000 7.358000 71.599998 4.148000 8.000000 307.000000 17.400000 390.070007 4.730000 
0.188360 0.000000 6.910000 0.000000 0.448000 5.786000 33.299999 5.100400 3.000000 233.000000 17.900000 396.899994 14.150000 
41.529202 0.000000 18.100000 0.000000 0.693000 5.531000 85.400002 1.607400 24.000000 666.000000 20.200001 329.459991 27.379999 
0.102900 30.000000 4.930000 0.000000 0.428000 6.358000 52.900002 7.035500 6.000000 300.000000 16.600000 372.750000 11.220000 
0.042970 52.500000 5.320000 0.000000 0.405000 6.565000 22.900000 7.317200 6.000000 293.000000 16.600000 371.720001 9.510000 
1.519020 0.000000 19.580000 1.000000 0.605000 8.375000 93.900002 2.162000 5.000000 403.000000 14.700000 388.450012 3.320000 
0.081990 0.000000 13.920000 0.000000 0.437000 6.009000 42.299999 5.502700 4.000000 289.000000 16.000000 396.899994 10.400000 
0.330450 0.000000 6.200000 0.000000 0.507000 6.086000 61.500000 3.651900 8.000000 307.000000 17.400000 376.750000 10.880000 
19.609100 0.000000 18.100000 0.000000 0.671000 7.313000 97.900002 1.316300 24.000000 666.000000 20.200001 396.899994 13.440000 
1.612820 0.000000 8.140000 0.000000 0.538000 6.096000 96.900002 3.759800 4.000000 307.000000 21.000000 248.309998 20.340000 
11.577900 0.000000 18.100000 0.000000 0.700000 5.036000 97.000000 1.770000 24.000000 666.000000 20.200001 396.899994 25.680000 
0.170040 12.500000 7.870000 0.000000 0.524000 6.004000 85.900002 6.592100 5.000000 311.000000 15.200000 386.709991 17.100000 
4.261310 0.000000 18.100000 0.000000 0.770000 6.112000 81.300003 2.509100 24.000000 666.000000 20.200001 390.739990 12.670000 
0.082210 22.000000 5.860000 0.000000 0.431000 6.957000 6.800000 8.906700 7.000000 330.000000 19.100000 386.089996 3.530000 
2.378570 0.000000 18.100000 0.000000 0.583000 5.871000 41.900002 3.724000 24.000000 666.000000 20.200001 370.730011 13.340000 
1.342840 0.000000 19.580000 0.000000 0.605000 6.066000 100.000000 1.757300 5.000000 403.000000 14.700000 353.890015 6.430000 
0.259150 0.000000 21.889999 0.000000 0.624000 5.693000 96.000000 1.788300 4.000000 437.000000 21.200001 392.109985 17.190001 
1.192940 0.000000 21.889999 0.000000 0.624000 6.326000 97.699997 2.271000 4.000000 437.000000 21.200001 396.899994 12.260000 
0.210380 20.000000 3.330000 0.000000 0.442900 6.812000 32.200001 4.100700 5.000000 216.000000 14.900000 396.899994 4.850000 
0.031130 0.000000 4.390000 0.000000 0.442000 6.014000 48.500000 8.013600 3.000000 352.000000 18.799999 385.640015 10.530000 
5.872050 0.000000 18.100000 0.000000 0.693000 6.405000 96.000000 1.676800 24.000000 666.000000 20.200001 396.899994 19.370001 
0.110270 25.000000 5.130000 0.000000 0.453000 6.456000 67.800003 7.225500 8.000000 284.000000 19.700001 396.899994 6.730000 
0.035510 25.000000 4.860000 0.000000 0.426000 6.167000 46.700001 5.400700 4.000000 281.000000 19.000000 390.640015 7.510000 
0.031500 95.000000 1.470000 0.000000 0.403000 6.975000 15.300000 7.653400 3.000000 402.000000 17.000000 396.899994 4.560000 
0.041130 25.000000 4.860000 0.000000 0.426000 6.727000 33.500000 5.400700 4.000000 281.000000 19.000000 396.899994 5.290000 
0.135540 12.500000 6.070000 0.000000 0.409000 5.594000 36.799999 6.498000 4.000000 345.000000 18.900000 396.899994 13.090000 
14.236200 0.000000 18.100000 0.000000 0.693000 6.343000 100.000000 1.574100 24.000000 666.000000 20.200001 396.899994 20.320000 
0.049810 21.000000 5.640000 0.000000 0.439000 5.998000 21.400000 6.814700 4.000000 243.000000 16.799999 396.899994 8.430000 
0.239120 0.000000 9.690000 0.000000 0.585000 6.019000 65.300003 2.409100 6.000000 391.000000 19.200001 396.899994 12.920000 
0.036150 80.000000 4.950000 0.000000 0.411000 6.630000 23.400000 5.116700 4.000000 245.000000 19.200001 396.899994 4.700000 
5.821150 0.000000 18.100000 0.000000 0.713000 6.513000 89.900002 2.801600 24.000000 666.000000 20.200001 393.820007 10.290000 
5.201770 0.000000 18.100000 1.000000 0.770000 6.127000 83.400002 2.722700 24.000000 666.000000 20.200001 395.429993 11.480000 
0.190730 22.000000 5.860000 0.000000 0.431000 6.718000 17.500000 7.826500 7.000000 330.000000 19.100000 393.739990 6.560000 
9.232300 0.000000 18.100000 0.000000 0.631000 6.216000 100.000000 1.169100 24.000000 666.000000 20.200001 366.149994 9.530000 
0.078750 45.000000 3.440000 0.000000 0.437000 6.782000 41.099998 3.788600 5.000000 398.000000 15.200000 393.869995 6.680000 
0.090650 20.000000 6.960000 1.000000 0.464000 5.920000 61.500000 3.917500 3.000000 223.000000 18.600000 391.339996 13.650000 
0.224890 12.500000 7.870000 0.000000 0.524000 6.377000 94.300003 6.346700 5.000000 311.000000 15.200000 392.519989 20.450001 
7.403890 0.000000 18.100000 0.000000 0.597000 5.617000 97.900002 1.454700 24.000000 666.000000 20.200001 314.640015 26.400000 
0.181590 0.000000 7.380000 0.000000 0.493000 6.376000 54.299999 4.540400 5.000000 287.000000 19.600000 396.899994 6.870000 
37.661900 0.000000 18.100000 0.000000 0.679000 6.202000 78.699997 1.862900 24.000000 666.000000 20.200001 18.820000 14.520000 
1.656600 0.000000 19.580000 0.000000 0.871000 6.122000 97.300003 1.618000 5.000000 403.000000 14.700000 372.799988 14.100000 
0.061620 0.000000 4.390000 0.000000 0.442000 5.898000 52.299999 8.013600 3.000000 352.000000 18.799999 364.609985 12.670000 
0.221880 20.000000 6.960000 1.000000 0.464000 7.691000 51.799999 4.366500 3.000000 223.000000 18.600000 390.769989 6.580000 
15.874400 0.000000 18.100000 0.000000 0.671000 6.545000 99.099998 1.519200 24.000000 666.000000 20.200001 396.899994 21.080000 
1.800280 0.000000 19.580000 0.000000 0.605000 5.877000 79.199997 2.425900 5.000000 403.000000 14.700000 227.610001 12.140000 
2.330990 0.000000 19.580000 0.000000 0.871000 5.186000 93.800003 1.529600 5.000000 403.000000 14.700000 356.989990 28.320000 
4.541920 0.000000 18.100000 0.000000 0.770000 6.398000 88.000000 2.518200 24.000000 666.000000 20.200001 374.559998 7.790000 
24.393801 0.000000 18.100000 0.000000 0.700000 4.652000 100.000000 1.467200 24.000000 666.000000 20.200001 396.899994 28.280001 
0.127440 0.000000 6.910000 0.000000 0.448000 6.770000 2.900000 5.720900 3.000000 233.000000 17.900000 385.410004 4.840000 
0.047410 0.000000 11.930000 0.000000 0.573000 6.030000 80.800003 2.505000 1.000000 273.000000 21.000000 396.899994 7.880000 
0.071650 0.000000 25.650000 0.000000 0.581000 6.004000 84.099998 2.197400 2.000000 188.000000 19.100000 377.670013 14.270000 
0.048190 80.000000 3.640000 0.000000 0.392000 6.108000 32.000000 9.220300 1.000000 315.000000 16.400000 392.890015 6.570000 
0.988430 0.000000 8.140000 0.000000 0.538000 5.813000 100.000000 4.095200 4.000000 307.000000 21.000000 394.540009 19.879999 
12.802300 0.000000 18.100000 0.000000 0.740000 5.854000 96.599998 1.895600 24.000000 666.000000 20.200001 240.520004 23.790001 
0.139140 0.000000 4.050000 0.000000 0.510000 5.572000 88.500000 2.596100 5.000000 296.000000 16.600000 396.899994 14.690000 
0.053600 21.000000 5.640000 0.000000 0.439000 6.511000 21.100000 6.814700 4.000000 243.000000 16.799999 396.899994 5.280000 
7.752230 0.000000 18.100000 0.000000 0.713000 6.301000 83.699997 2.783100 24.000000 666.000000 20.200001 272.209991 16.230000 
9.916550 0.000000 18.100000 0.000000 0.693000 5.852000 77.800003 1.500400 24.000000 666.000000 20.200001 338.160004 29.969999 
0.088260 0.000000 10.810000 0.000000 0.413000 6.417000 6.600000 5.287300 4.000000 305.000000 19.200001 383.730011 6.720000 
1.387990 0.000000 8.140000 0.000000 0.538000 5.950000 82.000000 3.990000 4.000000 307.000000 21.000000 232.600006 27.709999 
0.159360 0.000000 6.910000 0.000000 0.448000 6.211000 6.500000 5.720900 3.000000 233.000000 17.900000 394.459991 7.440000 
0.128020 0.000000 8.560000 0.000000 0.520000 6.474000 97.099998 2.432900 5.000000 384.000000 20.900000 395.239990 12.270000 
0.191330 22.000000 5.860000 0.000000 0.431000 5.605000 70.199997 7.954900 7.000000 330.000000 19.100000 389.130005 18.459999 
0.050590 0.000000 4.490000 0.000000 0.449000 6.389000 48.000000 4.779400 3.000000 247.000000 18.500000 396.899994 9.620000 
0.060470 0.000000 2.460000 0.000000 0.488000 6.153000 68.800003 3.279700 3.000000 193.000000 17.799999 387.109985 13.150000 
0.061510 0.000000 5.190000 0.000000 0.515000 5.968000 58.500000 4.812200 5.000000 224.000000 20.200001 396.899994 9.290000 
0.014390 60.000000 2.930000 0.000000 0.401000 6.604000 18.799999 6.219600 1.000000 265.000000 15.600000 376.700012 4.380000 
22.051100 0.000000 18.100000 0.000000 0.740000 5.818000 92.400002 1.866200 24.000000 666.000000 20.200001 391.450012 22.110001 
0.009060 90.000000 2.970000 0.000000 0.400000 7.088000 20.799999 7.307300 1.000000 285.000000 15.300000 394.720001 7.850000 
0.611540 20.000000 3.970000 0.000000 0.647000 8.704000 86.900002 1.801000 5.000000 264.000000 13.000000 389.700012 5.120000 
0.013110 90.000000 1.220000 0.000000 0.403000 7.249000 21.900000 8.696600 5.000000 226.000000 17.900000 395.929993 4.810000 
10.834200 0.000000 18.100000 0.000000 0.679000 6.782000 90.800003 1.819500 24.000000 666.000000 20.200001 21.570000 25.790001 
28.655800 0.000000 18.100000 0.000000 0.597000 5.155000 100.000000 1.589400 24.000000 666.000000 20.200001 210.970001 20.080000 
0.126500 25.000000 5.130000 0.000000 0.453000 6.762000 43.400002 7.980900 8.000000 284.000000 19.700001 395.579987 9.500000 
0.141500 0.000000 6.910000 0.000000 0.448000 6.169000 6.600000 5.720900 3.000000 233.000000 17.900000 383.369995 5.810000 
15.575700 0.000000 18.100000 0.000000 0.580000 5.926000 71.000000 2.908400 24.000000 666.000000 20.200001 368.739990 18.129999 
0.029850 0.000000 2.180000 0.000000 0.458000 6.430000 58.700001 6.062200 3.000000 222.000000 18.700001 394.119995 5.210000 
0.881250 0.000000 21.889999 0.000000 0.624000 5.637000 94.699997 1.979900 4.000000 437.000000 21.200001 396.899994 18.340000 
0.402020 0.000000 9.900000 0.000000 0.544000 6.382000 67.199997 3.532500 4.000000 304.000000 18.400000 395.209991 10.360000 
0.045440 0.000000 3.240000 0.000000 0.460000 6.144000 32.200001 5.873600 4.000000 430.000000 16.900000 368.570007 9.090000 
0.784200 0.000000 8.140000 0.000000 0.538000 5.990000 81.699997 4.257900 4.000000 307.000000 21.000000 386.750000 14.670000 
0.097440 0.000000 5.960000 0.000000 0.499000 5.841000 61.400002 3.377900 5.000000 279.000000 19.200001 377.559998 11.410000 
15.860300 0.000000 18.100000 0.000000 0.679000 5.896000 95.400002 1.909600 24.000000 666.000000 20.200001 7.680000 24.389999 
0.038710 52.500000 5.320000 0.000000 0.405000 6.209000 31.299999 7.317200 6.000000 293.000000 16.600000 396.899994 7.140000 
0.358090 0.000000 6.200000 1.000000 0.507000 6.951000 88.500000 2.861700 8.000000 307.000000 17.400000 391.700012 9.710000 
0.318270 0.000000 9.900000 0.000000 0.544000 5.914000 83.199997 3.998600 4.000000 304.000000 18.400000 390.700012 18.330000 
0.171420 0.000000 6.910000 0.000000 0.448000 5.682000 33.799999 5.100400 3.000000 233.000000 17.900000 396.899994 10.210000 
0.325430 0.000000 21.889999 0.000000 0.624000 6.431000 98.800003 1.812500 4.000000 437.000000 21.200001 396.899994 15.390000 
17.866699 0.000000 18.100000 0.000000 0.671000 6.223000 100.000000 1.386100 24.000000 666.000000 20.200001 393.739990 21.780001 
0.071510 0.000000 4.490000 0.000000 0.449000 6.121000 56.799999 3.747600 3.000000 247.000000 18.500000 395.149994 8.440000 
0.122040 0.000000 2.890000 0.000000 0.445000 6.625000 57.799999 3.495200 2.000000 276.000000 18.000000 357.980011 6.650000 
0.131580 0.000000 10.010000 0.000000 0.547000 6.176000 72.500000 2.730100 6.000000 432.000000 17.799999 393.299988 12.040000 
7.367110 0.000000 18.100000 0.000000 0.679000 6.193000 78.099998 1.935600 24.000000 666.000000 20.200001 96.730003 21.520000 
0.033590 75.000000 2.950000 0.000000 0.428000 7.024000 15.800000 5.401100 3.000000 252.000000 18.299999 395.619995 1.980000 
0.069050 0.000000 2.180000 0.000000 0.458000 7.147000 54.200001 6.062200 3.000000 222.000000 18.700001 396.899994 5.330000 
0.289600 0.000000 9.690000 0.000000 0.585000 5.390000 72.900002 2.798600 6.000000 391.000000 19.200001 396.899994 21.139999 
0.051880 0.000000 4.490000 0.000000 0.449000 6.015000 45.099998 4.427200 3.000000 247.000000 18.500000 395.989990 12.860000 
0.149320 25.000000 5.130000 0.000000 0.453000 5.741000 66.199997 7.225400 8.000000 284.000000 19.700001 395.109985 13.150000 
0.055610 70.000000 2.240000 0.000000 0.400000 7.041000 10.000000 7.827800 5.000000 358.000000 14.800000 371.579987 4.740000 
8.200580 0.000000 18.100000 0.000000 0.713000 5.936000 80.300003 2.779200 24.000000 666.000000 20.200001 3.500000 16.940001 
0.217190 0.000000 10.590000 1.000000 0.489000 5.807000 53.799999 3.652600 4.000000 277.000000 18.600000 390.940002 16.030001 
0.772990 0.000000 8.140000 0.000000 0.538000 6.495000 94.400002 4.454700 4.000000 307.000000 21.000000 387.940002 12.800000 
0.068880 0.000000 2.460000 0.000000 0.488000 6.144000 62.200001 2.597900 3.000000 193.000000 17.799999 396.899994 9.450000 
0.129320 0.000000 13.920000 0.000000 0.437000 6.678000 31.100000 5.960400 4.000000 289.000000 16.000000 396.899994 6.270000 
4.752370 0.000000 18.100000 0.000000 0.713000 6.525000 86.500000 2.435800 24.000000 666.000000 20.200001 50.919998 18.129999 
0.019510 17.500000 1.380000 0.000000 0.416100 7.104000 59.500000 9.222900 3.000000 216.000000 18.600000 393.239990 8.050000 
8.267250 0.000000 18.100000 1.000000 0.668000 5.875000 89.599998 1.129600 24.000000 666.000000 20.200001 347.880005 8.880000 
4.422280 0.000000 18.100000 0.000000 0.584000 6.003000 94.500000 2.540300 24.000000 666.000000 20.200001 331.290009 21.320000 
0.175050 0.000000 5.960000 0.000000 0.499000 5.966000 30.200001 3.847300 5.000000 279.000000 19.200001 393.429993 10.130000 
0.164390 22.000000 5.860000 0.000000 0.431000 6.433000 49.099998 7.826500 7.000000 330.000000 19.100000 374.709991 9.520000 
3.774980 0.000000 18.100000 0.000000 0.655000 5.952000 84.699997 2.871500 24.000000 666.000000 20.200001 22.010000 17.150000 
0.045600 0.000000 13.890000 1.000000 0.550000 5.888000 56.000000 3.112100 5.000000 276.000000 16.400000 392.799988 13.510000 
0.088290 12.500000 7.870000 0.000000 0.524000 6.012000 66.599998 5.560500 5.000000 311.000000 15.200000 395.600006 12.430000 
0.049320 33.000000 2.180000 0.000000 0.472000 6.849000 70.300003 3.182700 7.000000 222.000000 18.400000 396.899994 7.530000 
0.034450 82.500000 2.030000 0.000000 0.415000 6.162000 38.400002 6.270000 2.000000 348.000000 14.700000 393.769989 7.430000 
0.083080 0.000000 2.460000 0.000000 0.488000 5.604000 89.800003 2.987900 3.000000 193.000000 17.799999 391.000000 13.980000 
0.526930 0.000000 6.200000 0.000000 0.504000 8.725000 83.000000 2.894400 8.000000 307.000000 17.400000 382.000000 4.630000 
0.035100 95.000000 2.680000 0.000000 0.416100 7.853000 33.200001 5.118000 4.000000 224.000000 14.700000 392.779999 3.810000 
9.187020 0.000000 18.100000 0.000000 0.700000 5.536000 100.000000 1.580400 24.000000 666.000000 20.200001 396.899994 23.600000 
0.066640 0.000000 4.050000 0.000000 0.510000 6.546000 33.099998 3.132300 5.000000 296.000000 16.600000 390.959991 5.330000 
12.247200 0.000000 18.100000 0.000000 0.584000 5.837000 59.700001 1.997600 24.000000 666.000000 20.200001 24.650000 15.690000 
1.251790 0.000000 8.140000 0.000000 0.538000 5.570000 98.099998 3.797900 4.000000 307.000000 21.000000 376.570007 21.020000 
7.526010 0.000000 18.100000 0.000000 0.713000 6.417000 98.300003 2.185000 24.000000 666.000000 20.200001 304.209991 19.309999 
0.229690 0.000000 10.590000 0.000000 0.489000 6.326000 52.500000 4.354900 4.000000 277.000000 18.600000 394.869995 10.970000 
4.097400 0.000000 19.580000 0.000000 0.871000 5.468000 100.000000 1.411800 5.000000 403.000000 14.700000 396.899994 26.420000 
14.420800 0.000000 18.100000 0.000000 0.740000 6.461000 93.300003 2.002600 24.000000 666.000000 20.200001 27.490000 18.049999 
0.045900 52.500000 5.320000 0.000000 0.405000 6.315000 45.599998 7.317200 6.000000 293.000000 16.600000 396.899994 7.600000 
0.627390 0.000000 8.140000 0.000000 0.538000 5.834000 56.500000 4.498600 4.000000 307.000000 21.000000 395.619995 8.470000 
0.298190 0.000000 6.200000 0.000000 0.504000 7.686000 17.000000 3.375100 8.000000 307.000000 17.400000 377.510010 3.920000 
0.150980 0.000000 10.010000 0.000000 0.547000 6.021000 82.599998 2.747400 6.000000 432.000000 17.799999 394.510010 10.300000 
0.037380 0.000000 5.190000 0.000000 0.515000 6.310000 38.500000 6.458400 5.000000 224.000000 20.200001 389.399994 6.750000 
0.114600 20.000000 6.960000 0.000000 0.464000 6.538000 58.700001 3.917500 3.000000 223.000000 18.600000 394.959991 7.730000 
38.351799 0.000000 18.100000 0.000000 0.693000 5.453000 100.000000 1.489600 24.000000 666.000000 20.200001 396.899994 30.590000 
0.091640 0.000000 10.810000 0.000000 0.413000 6.065000 7.800000 5.287300 4.000000 305.000000 19.200001 390.910004 5.520000 
2.313900 0.000000 19.580000 0.000000 0.605000 5.880000 97.300003 2.388700 5.000000 403.000000 14.700000 348.130005 12.030000 
0.125790 45.000000 3.440000 0.000000 0.437000 6.556000 29.100000 4.566700 5.000000 398.000000 15.200000 382.839996 4.560000 
2.379340 0.000000 19.580000 0.000000 0.871000 6.130000 100.000000 1.419100 5.000000 403.000000 14.700000 172.910004 27.799999 
0.725800 0.000000 8.140000 0.000000 0.538000 5.727000 69.500000 3.796500 4.000000 307.000000 21.000000 390.950012 11.280000 
0.061290 20.000000 3.330000 1.000000 0.442900 7.645000 49.700001 5.211900 5.000000 216.000000 14.900000 377.070007 3.010000 
0.171340 0.000000 10.010000 0.000000 0.547000 5.928000 88.199997 2.463100 6.000000 432.000000 17.799999 344.910004 15.760000 
4.646890 0.000000 18.100000 0.000000 0.614000 6.980000 67.599998 2.532900 24.000000 666.000000 20.200001 374.679993 11.660000 
7.022590 0.000000 18.100000 0.000000 0.718000 6.006000 95.300003 1.874600 24.000000 666.000000 20.200001 319.980011 15.700000 
0.115040 0.000000 2.890000 0.000000 0.445000 6.163000 69.599998 3.495200 2.000000 276.000000 18.000000 391.829987 11.340000 
4.038410 0.000000 18.100000 0.000000 0.532000 6.229000 90.699997 3.099300 24.000000 666.000000 20.200001 395.329987 12.870000 
0.375780 0.000000 10.590000 1.000000 0.489000 5.404000 88.599998 3.665000 4.000000 277.000000 18.600000 395.239990 23.980000 
0.435710 0.000000 10.590000 1.000000 0.489000 5.344000 100.000000 3.875000 4.000000 277.000000 18.600000 396.899994 23.090000 
0.214090 22.000000 5.860000 0.000000 0.431000 6.438000 8.900000 7.396700 7.000000 330.000000 19.100000 377.070007 3.590000 
0.091030 0.000000 2.460000 0.000000 0.488000 7.155000 92.199997 2.700600 3.000000 193.000000 17.799999 394.119995 4.820000 
0.044170 70.000000 2.240000 0.000000 0.400000 6.871000 47.400002 7.827800 5.000000 358.000000 14.800000 390.859985 6.070000 
0.191860 0.000000 7.380000 0.000000 0.493000 6.431000 14.700000 5.415900 5.000000 287.000000 19.600000 393.679993 5.080000 
0.084470 0.000000 4.050000 0.000000 0.510000 5.859000 68.699997 2.701900 5.000000 296.000000 16.600000 393.230011 9.640000 
5.090170 0.000000 18.100000 0.000000 0.713000 6.297000 91.800003 2.368200 24.000000 666.000000 20.200001 385.089996 17.270000 
88.976196 0.000000 18.100000 0.000000 0.671000 6.968000 91.900002 1.416500 24.000000 666.000000 20.200001 396.899994 17.209999 
9.329090 0.000000 18.100000 0.000000 0.713000 6.185000 98.699997 2.261600 24.000000 666.000000 20.200001 396.899994 18.129999 
0.082650 0.000000 13.920000 0.000000 0.437000 6.127000 18.400000 5.502700 4.000000 289.000000 16.000000 396.899994 8.580000 
0.056020 0.000000 2.460000 0.000000 0.488000 7.831000 53.599998 3.199200 3.000000 193.000000 17.799999 392.630005 4.450000 
5.731160 0.000000 18.100000 0.000000 0.532000 7.061000 77.000000 3.410600 24.000000 666.000000 20.200001 395.279999 7.010000 
0.852040 0.000000 8.140000 0.000000 0.538000 5.965000 89.199997 4.012300 4.000000 307.000000 21.000000 392.529999 13.830000 
0.228760 0.000000 8.560000 0.000000 0.520000 6.405000 85.400002 2.714700 5.000000 384.000000 20.900000 70.800003 10.630000 
0.211240 12.500000 7.870000 0.000000 0.524000 5.631000 100.000000 6.082100 5.000000 311.000000 15.200000 386.630005 29.930000 
0.075030 33.000000 2.180000 0.000000 0.472000 7.420000 71.900002 3.099200 7.000000 222.000000 18.400000 396.899994 6.470000 
0.219770 0.000000 6.910000 0.000000 0.448000 5.602000 62.000000 6.087700 3.000000 233.000000 17.900000 396.899994 16.200001 
0.042940 28.000000 15.040000 0.000000 0.464000 6.249000 77.300003 3.615000 4.000000 270.000000 18.200001 396.899994 10.590000 
9.966540 0.000000 18.100000 0.000000 0.740000 6.485000 100.000000 1.978400 24.000000 666.000000 20.200001 386.730011 18.850000 
0.092990 0.000000 25.650000 0.000000 0.581000 5.961000 92.900002 2.086900 2.000000 188.000000 19.100000 378.089996 17.930000 
0.062630 0.000000 11.930000 0.000000 0.573000 6.593000 69.099998 2.478600 1.000000 273.000000 21.000000 391.989990 9.670000 
0.053020 0.000000 3.410000 0.000000 0.489000 7.079000 63.099998 3.414500 2.000000 270.000000 17.799999 396.059998 5.700000 
0.196570 22.000000 5.860000 0.000000 0.431000 6.226000 79.199997 8.055500 7.000000 330.000000 19.100000 376.140015 10.150000 
0.637960 0.000000 8.140000 0.000000 0.538000 6.096000 84.500000 4.461900 4.000000 307.000000 21.000000 380.019989 10.260000 
0.211610 0.000000 8.560000 0.000000 0.520000 6.137000 87.400002 2.714700 5.000000 384.000000 20.900000 394.470001 13.440000 
0.135870 0.000000 10.590000 1.000000 0.489000 6.064000 59.099998 4.239200 4.000000 277.000000 18.600000 381.320007 14.660000 
0.109590 0.000000 11.930000 0.000000 0.573000 6.794000 89.300003 2.388900 1.000000 273.000000 21.000000 393.450012 6.480000 
8.055790 0.000000 18.100000 0.000000 0.584000 5.427000 95.400002 2.429800 24.000000 666.000000 20.200001 352.579987 18.139999 
1.354720 0.000000 8.140000 0.000000 0.538000 6.072000 100.000000 4.175000 4.000000 307.000000 21.000000 376.730011 13.040000 
0.015010 90.000000 1.210000 1.000000 0.401000 7.923000 24.799999 5.885000 1.000000 198.000000 13.600000 395.519989 3.160000 
0.575290 0.000000 6.200000 0.000000 0.507000 8.337000 73.300003 3.838400 8.000000 307.000000 17.400000 385.910004 2.470000 
0.035370 34.000000 6.090000 0.000000 0.433000 6.590000 40.400002 5.491700 7.000000 329.000000 16.100000 395.750000 9.500000 
0.087070 0.000000 12.830000 0.000000 0.437000 6.140000 45.799999 4.090500 5.000000 398.000000 18.700001 386.959991 10.270000 
7.992480 0.000000 18.100000 0.000000 0.700000 5.520000 100.000000 1.533100 24.000000 666.000000 20.200001 396.899994 24.559999 
0.368940 22.000000 5.860000 0.000000 0.431000 8.259000 8.400000 8.906700 7.000000 330.000000 19.100000 396.899994 3.540000 
0.056600 0.000000 3.410000 0.000000 0.489000 7.007000 86.300003 3.421700 2.000000 270.000000 17.799999 396.899994 5.500000 
0.025430 55.000000 3.780000 0.000000 0.484000 6.696000 56.400002 5.732100 5.000000 370.000000 17.600000 396.899994 7.180000 
0.590050 0.000000 21.889999 0.000000 0.624000 6.372000 97.900002 2.327400 4.000000 437.000000 21.200001 385.760010 11.120000 
0.253870 0.000000 6.910000 0.000000 0.448000 5.399000 95.300003 5.870000 3.000000 233.000000 17.900000 396.899994 30.809999 
0.100840 0.000000 10.010000 0.000000 0.547000 6.715000 81.599998 2.677500 6.000000 432.000000 17.799999 395.589996 10.160000 
0.020090 95.000000 2.680000 0.000000 0.416100 8.034000 31.900000 5.118000 4.000000 224.000000 14.700000 390.549988 2.880000 
0.229270 0.000000 6.910000 0.000000 0.448000 6.030000 85.500000 5.689400 3.000000 233.000000 17.900000 392.739990 18.799999 
3.836840 0.000000 18.100000 0.000000 0.770000 6.251000 91.099998 2.295500 24.000000 666.000000 20.200001 350.649994 14.190000 
0.139600 0.000000 8.560000 0.000000 0.520000 6.167000 90.000000 2.421000 5.000000 384.000000 20.900000 392.690002 12.330000 
0.020550 85.000000 0.740000 0.000000 0.410000 6.383000 35.700001 9.187600 2.000000 313.000000 17.299999 396.899994 5.770000 
0.790410 0.000000 9.900000 0.000000 0.544000 6.122000 52.799999 2.640300 4.000000 304.000000 18.400000 396.899994 5.980000 
9.595710 0.000000 18.100000 0.000000 0.693000 6.404000 100.000000 1.639000 24.000000 666.000000 20.200001 376.109985 20.309999 
0.021770 82.500000 2.030000 0.000000 0.415000 7.610000 15.700000 6.270000 2.000000 348.000000 14.700000 395.380005 3.110000 
9.724180 0.000000 18.100000 0.000000 0.740000 6.406000 97.199997 2.065100 24.000000 666.000000 20.200001 385.959991 19.520000 
0.140300 22.000000 5.860000 0.000000 0.431000 6.487000 13.000000 7.396700 7.000000 330.000000 19.100000 396.279999 5.900000 
0.066420 0.000000 4.050000 0.000000 0.510000 6.860000 74.400002 2.915300 5.000000 296.000000 16.600000 391.269989 6.920000 
0.352330 0.000000 21.889999 0.000000 0.624000 6.454000 98.400002 1.849800 4.000000 437.000000 21.200001 394.079987 14.590000 
0.010960 55.000000 2.250000 0.000000 0.389000 6.453000 31.900000 7.307300 1.000000 300.000000 15.300000 394.720001 8.230000 
0.045270 0.000000 11.930000 0.000000 0.573000 6.120000 76.699997 2.287500 1.000000 273.000000 21.000000 396.899994 9.080000 
0.037050 20.000000 3.330000 0.000000 0.442900 6.968000 37.200001 5.244700 5.000000 216.000000 14.900000 392.230011 4.590000 
0.032370 0.000000 2.180000 0.000000 0.458000 6.998000 45.799999 6.062200 3.000000 222.000000 18.700001 394.630005 2.940000 
0.054970 0.000000 5.190000 0.000000 0.515000 5.985000 45.400002 4.812200 5.000000 224.000000 20.200001 396.899994 9.740000 
0.083700 45.000000 3.440000 0.000000 0.437000 7.185000 38.900002 4.566700 5.000000 398.000000 15.200000 396.899994 5.390000 
6.962150 0.000000 18.100000 0.000000 0.700000 5.713000 97.000000 1.926500 24.000000 666.000000 20.200001 394.429993 17.110001 
0.039320 0.000000 3.410000 0.000000 0.489000 6.405000 73.900002 3.092100 2.000000 270.000000 17.799999 393.549988 8.200000 
0.540110 20.000000 3.970000 0.000000 0.647000 7.203000 81.800003 2.112100 5.000000 264.000000 13.000000 392.799988 9.590000 
15.177200 0.000000 18.100000 0.000000 0.740000 6.152000 100.000000 1.914200 24.000000 666.000000 20.200001 9.320000 26.450001 
11.951100 0.000000 18.100000 0.000000 0.659000 5.608000 100.000000 1.285200 24.000000 666.000000 20.200001 332.089996 12.130000 
0.104690 40.000000 6.410000 1.000000 0.447000 7.267000 49.000000 4.787200 4.000000 254.000000 17.600000 389.250000 6.050000 
0.078860 80.000000 4.950000 0.000000 0.411000 7.148000 27.700001 5.116700 4.000000 245.000000 19.200001 396.899994 3.560000 
18.084600 0.000000 18.100000 0.000000 0.679000 6.434000 100.000000 1.834700 24.000000 666.000000 20.200001 27.250000 29.049999 
0.088730 21.000000 5.640000 0.000000 0.439000 5.963000 45.700001 6.814700 4.000000 243.000000 16.799999 395.559998 13.450000 
0.014320 100.000000 1.320000 0.000000 0.411000 6.816000 40.500000 8.324800 5.000000 256.000000 15.100000 392.899994 3.950000 
0.013810 80.000000 0.460000 0.000000 0.422000 7.875000 32.000000 5.648400 4.000000 255.000000 14.400000 394.230011 2.970000 
9.390630 0.000000 18.100000 0.000000 0.740000 5.627000 93.900002 1.817200 24.000000 666.000000 20.200001 396.899994 22.879999 
2.242360 0.000000 19.580000 0.000000 0.605000 5.854000 91.800003 2.422000 5.000000 403.000000 14.700000 395.109985 11.640000 
0.092520 30.000000 4.930000 0.000000 0.428000 6.606000 42.200001 6.189900 6.000000 300.000000 16.600000 383.779999 7.370000 
9.823490 0.000000 18.100000 0.000000 0.671000 6.794000 98.800003 1.358000 24.000000 666.000000 20.200001 396.899994 21.240000 
0.349400 0.000000 9.900000 0.000000 0.544000 5.972000 76.699997 3.102500 4.000000 304.000000 18.400000 396.239990 9.970000 
0.279570 0.000000 9.690000 0.000000 0.585000 5.926000 42.599998 2.381700 6.000000 391.000000 19.200001 396.899994 13.590000 
0.103280 25.000000 5.130000 0.000000 0.453000 5.927000 47.200001 6.932000 8.000000 284.000000 19.700001 396.899994 9.220000 
0.671910 0.000000 8.140000 0.000000 0.538000 5.813000 90.300003 4.682000 4.000000 307.000000 21.000000 376.880005 14.810000 
2.779740 0.000000 19.580000 0.000000 0.871000 4.903000 97.800003 1.345900 5.000000 403.000000 14.700000 396.899994 29.290001 
5.669980 0.000000 18.100000 1.000000 0.631000 6.683000 96.800003 1.356700 24.000000 666.000000 20.200001 375.329987 3.730000 
0.840540 0.000000 8.140000 0.000000 0.538000 5.599000 85.699997 4.454600 4.000000 307.000000 21.000000 303.420013 16.510000 
12.048200 0.000000 18.100000 0.000000 0.614000 5.648000 87.599998 1.951200 24.000000 666.000000 20.200001 291.549988 14.100000 
6.654920 0.000000 18.100000 0.000000 0.713000 6.317000 83.000000 2.734400 24.000000 666.000000 20.200001 396.899994 13.990000 
0.100000 34.000000 6.090000 0.000000 0.433000 6.982000 17.700001 5.491700 7.000000 329.000000 16.100000 390.429993 4.860000 
1.628640 0.000000 21.889999 0.000000 0.624000 5.019000 100.000000 1.439400 4.000000 437.000000 21.200001 396.899994 34.410000 
0.066170 0.000000 3.240000 0.000000 0.460000 5.868000 25.799999 5.214600 4.000000 430.000000 16.900000 382.440002 9.970000 
0.253560 0.000000 9.900000 0.000000 0.544000 5.705000 77.699997 3.945000 4.000000 304.000000 18.400000 396.420013 11.500000 
2.446680 0.000000 19.580000 0.000000 0.871000 5.272000 94.000000 1.736400 5.000000 403.000000 14.700000 88.629997 16.139999 
0.044620 25.000000 4.860000 0.000000 0.426000 6.619000 70.400002 5.400700 4.000000 281.000000 19.000000 395.630005 7.220000 
0.340060 0.000000 21.889999 0.000000 0.624000 6.458000 98.900002 2.118500 4.000000 437.000000 21.200001 395.040009 12.600000 
0.106590 80.000000 1.910000 0.000000 0.413000 5.936000 19.500000 10.585700 4.000000 334.000000 22.000000 376.040009 5.570000 
0.173310 0.000000 9.690000 0.000000 0.585000 5.707000 54.000000 2.381700 6.000000 391.000000 19.200001 396.899994 12.010000 
0.141030 0.000000 13.920000 0.000000 0.437000 5.790000 58.000000 6.320000 4.000000 289.000000 16.000000 396.899994 15.840000 
0.091780 0.000000 4.050000 0.000000 0.510000 6.416000 84.099998 2.646300 5.000000 296.000000 16.600000 395.500000 9.040000 
0.070130 0.000000 13.890000 0.000000 0.550000 6.642000 85.099998 3.421100 5.000000 276.000000 16.400000 392.779999 9.690000 
0.057350 0.000000 4.490000 0.000000 0.449000 6.630000 56.099998 4.437700 3.000000 247.000000 18.500000 392.299988 6.530000 
0.015380 90.000000 3.750000 0.000000 0.394000 7.454000 34.200001 6.336100 3.000000 244.000000 15.900000 386.339996 3.110000 
0.534120 20.000000 3.970000 0.000000 0.647000 7.520000 89.400002 2.139800 5.000000 264.000000 13.000000 388.369995 7.260000 
2.368620 0.000000 19.580000 0.000000 0.871000 4.926000 95.699997 1.460800 5.000000 403.000000 14.700000 391.709991 29.530001 
0.623560 0.000000 6.200000 1.000000 0.507000 6.879000 77.699997 3.272100 8.000000 307.000000 17.400000 390.390015 9.930000 
11.087400 0.000000 18.100000 0.000000 0.718000 6.411000 100.000000 1.858900 24.000000 666.000000 20.200001 318.750000 15.020000 
0.090680 45.000000 3.440000 0.000000 0.437000 6.951000 21.500000 6.479800 5.000000 398.000000 15.200000 377.679993 5.100000 
0.245220 0.000000 9.900000 0.000000 0.544000 5.782000 71.699997 4.031700 4.000000 304.000000 18.400000 396.899994 15.940000 
0.079780 40.000000 6.410000 0.000000 0.447000 6.482000 32.099998 4.140300 4.000000 254.000000 17.600000 396.899994 7.190000 
4.555870 0.000000 18.100000 0.000000 0.718000 3.561000 87.900002 1.613200 24.000000 666.000000 20.200001 354.700012 7.120000 
3.568680 0.000000 18.100000 0.000000 0.580000 6.437000 75.000000 2.896500 24.000000 666.000000 20.200001 393.369995 14.360000 
0.249800 0.000000 21.889999 0.000000 0.624000 5.857000 98.199997 1.668600 4.000000 437.000000 21.200001 392.040009 21.320000 
4.898220 0.000000 18.100000 0.000000 0.631000 4.970000 100.000000 1.332500 24.000000 666.000000 20.200001 375.519989 3.260000 
2.010190 0.000000 19.580000 0.000000 0.605000 7.929000 96.199997 2.045900 5.000000 403.000000 14.700000 369.299988 3.700000 
0.024980 0.000000 1.890000 0.000000 0.518000 6.540000 59.700001 6.266900 1.000000 422.000000 15.900000 389.959991 8.650000 
0.127570 30.000000 4.930000 0.000000 0.428000 6.393000 7.800000 7.035500 6.000000 300.000000 16.600000 374.709991 5.190000 
9.513630 0.000000 18.100000 0.000000 0.713000 6.728000 94.099998 2.496100 24.000000 666.000000 20.200001 6.680000 18.709999 
0.520140 20.000000 3.970000 0.000000 0.647000 8.398000 91.500000 2.288500 5.000000 264.000000 13.000000 386.859985 5.910000 
0.150380 0.000000 25.650000 0.000000 0.581000 5.856000 97.000000 1.944400 2.000000 188.000000 19.100000 370.309998 25.410000 
5.293050 0.000000 18.100000 0.000000 0.700000 6.051000 82.500000 2.167800 24.000000 666.000000 20.200001 378.380005 18.760000 
0.241030 0.000000 7.380000 0.000000 0.493000 6.083000 43.700001 5.415900 5.000000 287.000000 19.600000 396.899994 12.790000 
9.338890 0.000000 18.100000 0.000000 0.679000 6.380000 95.599998 1.968200 24.000000 666.000000 20.200001 60.720001 24.080000 
0.222120 0.000000 10.010000 0.000000 0.547000 6.092000 95.400002 2.548000 6.000000 432.000000 17.799999 396.899994 17.090000 
0.035480 80.000000 3.640000 0.000000 0.392000 5.876000 19.100000 9.220300 1.000000 315.000000 16.400000 395.179993 9.250000 
