455 1
12.000000 
15.200000 
21.000000 
24.000000 
19.400000 
22.200000 
23.300000 
15.600000 
20.800000 
13.800000 
19.600000 
27.100000 
36.500000 
15.200000 
11.700000 
14.100000 
17.200000 
16.800000 
32.900000 
21.400000 
32.400000 
23.500000 
20.400000 
13.100000 
12.600000 
10.400000 
50.000000 
23.100000 
13.400000 
24.300000 
25.000000 
7.400000 
7.000000 
22.000000 
15.300000 
8.400000 
16.400000 
18.100000 
43.800000 
8.500000 
18.600000 
21.100000 
50.000000 
11.800000 
17.400000 
33.300000 
14.800000 
8.800000 
26.600000 
16.800000 
30.100000 
23.700000 
50.000000 
19.500000 
16.100000 
24.100000 
20.400000 
36.400000 
41.300000 
21.700000 
21.700000 
14.000000 
21.700000 
20.400000 
20.000000 
34.700000 
24.500000 
11.700000 
14.300000 
13.100000 
17.400000 
20.100000 
19.500000 
21.000000 
30.100000 
18.400000 
34.600000 
20.100000 
43.500000 
21.600000 
18.300000 
21.400000 
18.900000 
13.400000 
30.800000 
25.000000 
25.200000 
8.800000 
31.100000 
13.400000 
48.300000 
17.800000 
5.600000 
12.700000 
16.100000 
20.900000 
19.900000 
13.900000 
22.600000 
21.200000 
21.200000 
22.900000 
20.500000 
22.800000 
19.400000 
21.700000 
23.100000 
26.500000 
18.500000 
20.200000 
27.500000 
50.000000 
21.900000 
23.400000 
32.700000 
14.900000 
15.600000 
20.300000 
11.900000 
30.500000 
31.600000 
21.900000 
25.000000 
23.000000 
17.000000 
7.200000 
44.800000 
16.000000 
38.700000 
20.400000 
22.500000 
21.700000 
12.700000 
5.000000 
21.400000 
23.700000 
21.000000 
19.500000 
20.100000 
24.600000 
36.100000 
23.000000 
18.500000 
32.500000 
19.100000 
23.300000 
18.500000 
21.500000 
19.300000 
26.400000 
31.000000 
22.300000 
13.300000 
7.000000 
22.500000 
27.500000 
30.100000 
10.200000 
20.000000 
25.000000 
17.800000 
13.800000 
32.000000 
23.700000 
23.800000 
16.700000 
23.800000 
18.800000 
22.000000 
29.000000 
21.200000 
33.100000 
30.700000 
24.800000 
21.700000 
37.600000 
23.100000 
22.900000 
13.600000 
14.600000 
18.900000 
22.600000 
31.700000 
19.400000 
12.700000 
20.100000 
30.300000 
18.800000 
8.100000 
20.600000 
33.200000 
21.100000 
31.500000 
20.000000 
8.500000 
22.200000 
24.800000 
50.000000 
21.700000 
24.000000 
15.000000 
13.500000 
9.700000 
18.900000 
22.600000 
29.600000 
20.600000 
24.300000 
16.200000 
19.600000 
35.100000 
17.500000 
12.500000 
22.200000 
22.900000 
34.900000 
28.000000 
17.400000 
7.200000 
23.400000 
21.200000 
27.900000 
20.200000 
22.700000 
26.200000 
50.000000 
32.000000 
20.700000 
15.000000 
17.200000 
23.100000 
10.900000 
21.500000 
17.200000 
35.200000 
10.900000 
23.800000 
17.800000 
25.000000 
10.500000 
26.600000 
11.900000 
20.300000 
21.900000 
14.500000 
10.800000 
23.100000 
25.000000 
14.900000 
6.300000 
24.200000 
13.200000 
24.700000 
19.800000 
18.500000 
23.900000 
29.600000 
18.700000 
29.100000 
10.500000 
32.200000 
50.000000 
35.400000 
7.500000 
16.300000 
25.000000 
25.300000 
19.100000 
28.700000 
14.300000 
23.100000 
19.800000 
17.500000 
20.000000 
8.300000 
23.200000 
26.700000 
17.800000 
19.300000 
18.000000 
10.200000 
22.200000 
28.400000 
21.200000 
11.000000 
34.900000 
36.200000 
19.700000 
22.500000 
18.700000 
29.000000 
13.500000 
22.400000 
18.400000 
36.200000 
28.600000 
14.100000 
33.000000 
50.000000 
19.100000 
24.700000 
24.500000 
19.000000 
23.300000 
22.900000 
28.200000 
24.100000 
26.400000 
50.000000 
48.500000 
11.300000 
29.400000 
10.200000 
13.600000 
13.000000 
24.400000 
15.600000 
9.600000 
22.300000 
19.900000 
46.700000 
19.200000 
20.700000 
24.400000 
5.000000 
22.800000 
19.100000 
29.800000 
13.800000 
18.200000 
46.000000 
18.300000 
29.800000 
14.200000 
21.400000 
19.600000 
19.300000 
20.000000 
24.800000 
37.900000 
24.800000 
24.600000 
22.600000 
16.100000 
10.400000 
14.100000 
23.900000 
50.000000 
25.000000 
19.600000 
18.600000 
16.500000 
33.400000 
19.400000 
20.600000 
15.400000 
20.500000 
22.400000 
28.700000 
20.500000 
18.200000 
19.300000 
24.400000 
22.000000 
13.800000 
14.500000 
50.000000 
41.700000 
22.000000 
20.800000 
12.300000 
42.800000 
23.600000 
23.900000 
23.000000 
14.400000 
22.800000 
50.000000 
16.600000 
19.900000 
20.100000 
24.700000 
22.100000 
12.100000 
42.300000 
17.100000 
24.400000 
29.900000 
17.100000 
22.000000 
20.600000 
35.400000 
33.400000 
19.000000 
34.900000 
15.100000 
22.000000 
33.800000 
8.700000 
27.900000 
33.200000 
37.300000 
7.200000 
19.700000 
31.600000 
50.000000 
12.800000 
22.700000 
23.300000 
13.300000 
20.300000 
24.500000 
19.600000 
16.600000 
11.800000 
50.000000 
13.900000 
20.800000 
19.500000 
33.100000 
14.400000 
19.300000 
16.200000 
13.100000 
23.900000 
19.200000 
20.600000 
21.800000 
20.300000 
23.600000 
28.700000 
26.600000 
44.000000 
43.100000 
14.600000 
27.500000 
16.700000 
37.000000 
19.800000 
29.100000 
27.500000 
23.200000 
13.300000 
50.000000 
50.000000 
16.500000 
23.700000 
14.900000 
48.800000 
17.300000 
23.200000 
22.200000 
9.500000 
18.700000 
20.900000 
